1,0
2,111
3,202
4,204
5,206
6,248
7,250
8,264
9,368
10,1264
11,1266
12,1280
13,2152
14,2226
15,2438
16,2626
17,2628
18,2642
19,3038
20,3041
21,3074
22,3076
23,4611
24,4613
25,5350
26,5352
27,6008
28,6010
29,6966
30,6968
31,7531
32,7533
33,8285
34,8287
35,8883
36,8885
37,8918
38,8920
39,9636
40,9638
41,10153
42,10155
43,10985
44,10987
45,11727
46,11729
47,12481
48,12483
49,12566
50,12568
51,12945
52,12947
53,13765
54,13767
55,13820
56,13822
57,13875
58,13877
59,14296
60,14298
61,14331
62,14333
63,14739
64,14741
65,14891
66,14893
67,15786
68,15788
69,16330
70,16332
71,16553
72,16555
73,17127
74,17129
75,17396
76,17398
77,17940
78,17942
79,18565
80,18567
81,18863
82,18865
83,19461
84,19463
85,20480
86,20481
87,20514
88,20516
89,21421
90,21423
91,21962
92,21964
93,22029
94,22031
95,22064
96,22066
97,22725
98,22727
99,23641
100,23643
101,24377
102,24379
103,25098
104,25100
105,25768
106,25770
107,26957
108,26959
109,27684
110,27686
111,27719
112,27721
113,28209
114,28211
115,28219
116,28221
117,29009
118,29011
119,29706
120,29708
121,30226
122,30228
123,30461
124,30463
125,30687
126,30689
127,30982
128,30984
129,31493
130,31495
131,32100
132,32102
133,33481
134,33483
135,33516
136,33518
137,34492
138,34494
139,34871
140,34873
141,35337
142,35339
143,35728
144,35730
145,36107
146,36109
147,37029
148,37031
149,37354
150,37356
151,37562
152,37564
153,37884
154,37886
155,38308
156,38310
157,39179
158,39181
159,39214
160,39216
161,39560
162,39562
163,39933
164,39935
165,40843
166,40845
167,41405
168,41407
169,42120
170,42122
171,42280
172,42282
173,42312
174,42314
175,42925
176,42927
177,43950
178,43952
179,45217
180,45219
181,46220
182,46222
183,46779
184,46781
185,48187
186,48189
187,48219
188,48221
189,48946
190,48948
191,49229
192,49231
193,49956
194,49958
195,50785
196,50787
197,51410
198,51412
199,51762
200,51764
201,52024
202,52026
203,52448
204,52450
205,53049
206,53051
207,53755
208,53757
209,53787
210,53789
211,54217
212,54219
213,54821
214,54823
215,54879
216,54881
217,55687
218,55689
219,56327
220,56329
221,57120
222,57122
223,57433
224,57435
225,57632
226,57634
227,58347
228,58349
229,58813
230,58815
231,59669
232,59671
233,59701
234,59703
235,60398
236,60400
237,60648
238,60650
239,60907
240,60909
241,61031
242,61033
243,61066
244,61068
245,61763
246,61765
247,62382
248,62384
249,63820
250,63822
251,64487
252,64489
253,65523
254,65525
255,66304
256,66306
257,66893
258,66895
259,66928
260,66930
261,67349
262,67351
263,68550
264,68552
265,69310
266,69312
267,69479
268,69481
269,69891
270,69893
271,70087
272,70089
273,70727
274,70729
275,71556
276,71558
277,72034
278,72036
279,72437
280,72439
281,72472
282,72474
283,72533
284,72535
285,72768
286,72770
287,72859
288,72861
289,72956
290,72958
291,72987
292,72989
293,73057
294,73059
295,73187
296,73189
297,73233
298,73235
299,73261
300,73263
301,73397
302,73399
303,73725
304,73727
305,73786
306,73788
307,73844
308,73846
309,74358
310,74360
311,74533
312,74535
313,75764
314,75766
315,76899
316,76901
317,77614
318,77616
319,77867
320,77869
321,77902
322,77904
323,77945
324,77947
325,78657
326,78659
327,78880
328,78882
329,79355
330,79357
331,79815
332,79817
333,80338
334,80340
335,80370
336,80372
337,81142
338,81144
339,81542
340,81544
341,81978
342,81980
343,82933
344,82935
345,83657
346,83659
347,84216
348,84218
349,84853
350,84855
351,85442
352,85444
353,86157
354,86159
355,86189
356,86191
357,86874
358,86876
359,87898
360,87900
361,88676
362,88678
363,88908
364,88910
365,89188
366,89190
367,89729
368,89731
369,90285
370,90287
371,91753
372,91755
373,91785
374,91787
375,92137
376,92139
377,92321
378,92323
379,92814
380,92816
381,93400
382,93402
383,93974
384,93976
385,94569
386,94571
387,96262
388,96264
389,97025
390,97027
391,97431
392,97433
393,97463
394,97465
395,98604
396,98606
397,99043
398,99045
399,99557
400,99559
401,99586
402,99588
403,100043
404,100045
405,101274
406,101276
407,101695
408,101697
409,101735
410,101737
411,101838
412,101840
413,102373
414,102375
415,102413
416,102415
417,102555
418,102557
419,102670
420,102672
421,102779
422,102781
423,103206
424,103208
425,104074
426,104076
427,104381
428,104383
429,105012
430,105014
431,105041
432,105043
433,105681
434,105683
435,106456
436,106458
437,107738
438,107740
439,108360
440,108362
441,110251
442,110253
443,110921
444,110923
445,110950
446,110952
447,111023
448,111025
449,111156
450,111158
451,111247
452,111249
453,111389
454,111391
455,112471
456,112473
457,113702
458,113704
459,115149
460,115151
461,115615
462,115617
463,115985
464,115987
465,116442
466,116444
467,116471
468,116473
469,117216
470,117218
471,117676
472,117678
473,118274
474,118276
475,118887
476,118889
477,118919
478,118921
479,119700
480,119702
481,120460
482,120462
483,120710
484,120712
485,121491
486,121493
487,121840
488,121842
489,122843
490,122845
491,123282
492,123284
493,123622
494,123624
495,123860
496,123862
497,124050
498,124052
499,124111
500,124113
501,124571
502,124573
503,124603
504,124605
505,125234
506,125236
507,125685
508,125687
509,125923
510,125925
511,126401
512,126403
513,127149
514,127151
515,128074
516,128076
517,128159
518,128161
519,128613
520,128615
521,128872
522,128874
523,129050
524,129052
525,129273
526,129275
527,129661
528,129663
529,129917
530,129919
531,129949
532,129951
533,129983
534,129985
535,130047
536,130049
537,130378
538,130380
539,130703
540,130705
541,130758
542,130760
543,130780
544,130782
545,130856
546,130858
547,130935
548,130937
549,131107
550,131109
551,131210
552,131212
553,131247
554,131249
555,131299
556,131301
557,131402
558,131404
559,131430
560,131432
561,131536
562,131538
563,131747
564,131749
565,132474
566,132476
567,132706
568,132708
569,132800
570,132802
571,132855
572,132857
573,133372
574,133374
575,133856
576,133858
577,133896
578,133898
579,134023
580,134025
581,134264
582,134266
583,134310
584,134312
585,134539
586,134541
587,134621
588,134623
589,134656
590,134658
591,135098
592,135100
593,135414
594,135416
595,135796
596,135798
597,136625
598,136627
599,136923
600,136925
601,137404
602,137406
603,137453
604,137455
605,137874
606,137876
607,137923
608,137925
609,138623
610,138625
611,139491
612,139493
613,139870
614,139872
615,139940
616,139942
617,139975
618,139977
619,140390
620,140392
621,140937
622,140939
623,141775
624,141777
625,142730
626,142732
627,143559
628,143561
629,144292
630,144294
631,144668
632,144670
633,145185
634,145187
635,146254
636,146256
637,146289
638,146291
639,146836
640,146838
641,147047
642,147049
643,147498
644,147500
645,147763
646,147765
647,148130
648,148132
649,149082
650,149084
651,149110
652,149112
653,149255
654,149257
655,149409
656,149411
657,149629
658,149631
659,149894
660,149896
661,150381
662,150383
663,150949
664,150951
665,151064
666,151066
667,151578
668,151580
669,151613
670,151615
671,151659
672,151661
673,152377
674,152379
675,152813
676,152815
677,153219
678,153221
679,153760
680,153762
681,154232
682,154234
683,154326
684,154328
685,154342
686,154344
687,154667
688,154669
689,154702
690,154704
691,155027
692,155029
693,155319
694,155321
695,155380
696,155382
697,157421
698,157423
699,158670
700,158672
701,159241
702,159243
703,161162
704,161164
705,161197
706,161199
707,161948
708,161950
709,162459
710,162461
711,164122
712,164124
713,164675
714,164677
715,165120
716,165122
717,166222
718,166224
719,166682
720,166684
721,166717
722,166719
723,168278
724,168280
725,168876
726,168878
727,169192
728,169194
729,169946
730,169948
731,170229
732,170231
733,170377
734,170379
735,170852
736,170854
737,171363
738,171365
739,171784
740,171786
741,172181
742,172183
743,172216
744,172218
745,172766
746,172768
747,173166
748,173168
749,173710
750,173712
751,174110
752,174112
753,174231
754,174233
755,174261
756,174263
757,174640
758,174642
759,175718
760,175720
761,176253
762,176255
763,177580
764,177582
765,177818
766,177820
767,178314
768,178316
769,178936
770,178938
771,180314
772,180316
773,180344
774,180346
775,180762
776,180764
777,181372
778,181374
779,181691
780,181693
781,182325
782,182327
783,183352
784,183354
785,184451
786,184453
787,185730
788,185732
789,185760
790,185762
791,185950
792,185952
793,187094
794,187096
795,187527
796,187529
797,189274
798,189276
799,189797
800,189799
801,189927
802,189929
803,190231
804,190233
805,191135
806,191137
807,191165
808,191167
809,191823
810,191825
811,192247
812,192249
813,192980
814,192982
815,193476
816,193478
817,193732
818,193734
819,193784
820,193786
821,194007
822,194009
823,194046
824,194048
825,194692
826,194694
827,194930
828,194932
829,195750
830,195752
831,198571
832,198573
833,199490
834,199492
835,199529
836,199531
837,200124
838,200126
839,201688
840,201690
841,202208
842,202210
843,202869
844,202871
845,203485
846,203487
847,203678
848,203680
849,203862
850,203864
851,204628
852,204630
853,205940
854,205942
855,205979
856,205981
857,206766
858,206768
859,207415
860,207417
861,207980
862,207982
863,208107
864,208109
865,208174
866,208176
867,208472
868,208474
869,208527
870,208529
871,208780
872,208782
873,208820
874,208822
875,209223
876,209225
877,209665
878,209667
879,209744
880,209746
881,209985
882,209987
883,210199
884,210201
885,210608
886,210610
887,211044
888,211046
889,211717
890,211719
891,211756
892,211758
893,212102
894,212104
895,212256
896,212258
897,212686
898,212688
899,213530
900,213532
901,213575
902,213577
903,214134
904,214136
905,215113
906,215115
907,215945
908,215947
909,216360
910,216362
911,217222
912,217224
913,217958
914,217960
915,218505
916,218507
917,219235
918,219237
919,219280
920,219282
921,220484
922,220486
923,221301
924,221303
925,222211
926,222213
927,222413
928,222415
929,223536
930,223538
931,223837
932,223839
933,224579
934,224581
935,224624
936,224626
937,225186
938,225188
939,225544
940,225546
941,226685
942,226687
943,228144
944,228146
945,228511
946,228513
947,228716
948,228718
949,229257
950,229259
951,229744
952,229746
953,230066
954,230068
955,230111
956,230113
957,230976
958,230978
959,233368
960,233370
961,234128
962,234130
963,234570
964,234572
965,234754
966,234756
967,234857
968,234859
969,234896
970,234898
971,235377
972,235379
973,235582
974,235584
975,237080
976,237082
977,237492
978,237494
979,237721
980,237723
981,238178
982,238180
983,238661
984,238663
985,239004
986,239006
987,239437
988,239439
989,240374
990,240376
991,240413
992,240415
993,241197
994,241199
995,241660
996,241662
997,241943
998,241945
999,241968
1000,241970
1001,242443
1002,242445
1003,242960
1004,242962
1005,243069
1006,243071
1007,243565
1008,243567
1009,243725
1010,243727
1011,243996
1012,243998
1013,244654
1014,244656
1015,245309
1016,245311
1017,245619
1018,245621
1019,245658
1020,245660
1021,246010
1022,246012
1023,246254
1024,246256
1025,246867
1026,246869
1027,247291
1028,247293
1029,247340
1030,247342
1031,248115
1032,248117
1033,248815
1034,248817
1035,249275
1036,249277
1037,249327
1038,249329
1039,249703
1040,249705
1041,250010
1042,250012
1043,250398
1044,250400
1045,250660
1046,250662
1047,250712
1048,250714
1049,250869
1050,250871
1051,250915
1052,250917
1053,250954
1054,250956
1055,251000
1056,251002
1057,251052
1058,251054
1059,251239
1060,251241
1061,251363
1062,251365
1063,251544
1064,251546
1065,251569
1066,251571
1067,251645
1068,251647
1069,251895
1070,251897
1071,251941
1072,251943
1073,252026
1074,252028
1075,252381
1076,252383
1077,252417
1078,252419
1079,252865
1080,252867
1081,253685
1082,253687
1083,253980
1084,253982
1085,254554
1086,254556
1087,254588
1088,254590
1089,254982
1090,254984
1091,255433
1092,255435
1093,256469
1094,256471
1095,256827
1096,256829
1097,257329
1098,257331
1099,257702
1100,257704
1101,257738
1102,257740
1103,258051
1104,258053
1105,258481
1106,258483
1107,259271
1108,259273
1109,259623
1110,259625
1111,259924
1112,259926
1113,260144
1114,260146
1115,260304
1116,260306
1117,260758
1118,260760
1119,260825
1120,260827
1121,260895
1122,260897
1123,261676
1124,261678
1125,262424
1126,262426
1127,263508
1128,263510
1129,263544
1130,263546
1131,264097
1132,264099
1133,264479
1134,264481
1135,264633
1136,264635
1137,264676
1138,264678
1139,264746
1140,264748
1141,265320
1142,265322
1143,265582
1144,265584
1145,265799
1146,265801
1147,266562
1148,266564
1149,266944
1150,266946
1151,267293
1152,267295
1153,267816
1154,267818
1155,268189
1156,268191
1157,269753
1158,269755
1159,269789
1160,269791
1161,270078
1162,270080
1163,270232
1164,270234
1165,270734
1166,270736
1167,270770
1168,270772
1169,271272
1170,271274
1171,271663
1172,271665
1173,272321
1174,272323
1175,272808
1176,272810
1177,274558
1178,274560
1179,274691
1180,274693
1181,274722
1182,274724
1183,274789
1184,274791
1185,274820
1186,274822
1187,274905
1188,274907
1189,274957
1190,274959
1191,275024
1192,275026
1193,276156
1194,276158
1195,276192
1196,276194
1197,276613
1198,276615
1199,276809
1200,276811
1201,276873
1202,276875
1203,276931
1204,276933
1205,276974
1206,276976
1207,277038
1208,277040
1209,277072
1210,277074
1211,277109
1212,277111
1213,277239
1214,277241
1215,277291
1216,277293
1217,277700
1218,277702
1219,278151
1220,278153
1221,278209
1222,278211
1223,279197
1224,279199
1225,279294
1226,279296
1227,279436
1228,279438
1229,279485
1230,279487
1231,279594
1232,279596
1233,279874
1234,279876
1235,280316
1236,280318
1237,280713
1238,280715
1239,281164
1240,281166
1241,281618
1242,281620
1243,281654
1244,281656
1245,281805
1246,281807
1247,282439
1248,282441
1249,282650
1250,282652
1251,282990
1252,282992
1253,283300
1254,283302
1255,283796
1256,283798
1257,284289
1258,284291
1259,285700
1260,285702
1261,286829
1262,286831
1263,287523
1264,287525
1265,287559
1266,287561
1267,287737
1268,287739
1269,288467
1270,288469
1271,288870
1272,288872
1273,289234
1274,289236
1275,289286
1276,289288
1277,289746
1278,289748
1279,290128
1280,290130
1281,290144
1282,290146
1283,290508
1284,290510
1285,290544
1286,290546
1287,291616
1288,291618
1289,292622
1290,292624
1291,293904
1292,293906
1293,294577
1294,294579
1295,295370
1296,295372
1297,296280
1298,296282
1299,296316
1300,296318
1301,296470
1302,296472
1303,297059
1304,297061
1305,297654
1306,297656
1307,298216
1308,298218
1309,298868
1310,298870
1311,299604
1312,299606
1313,300439
1314,300441
1315,300812
1316,300814
1317,301332
1318,301334
1319,302263
1320,302265
1321,302299
1322,302301
1323,303929
1324,303931
1325,305022
1326,305024
1327,305386
1328,305388
1329,305531
1330,305533
1331,305850
1332,305852
1333,306094
1334,306096
1335,306392
1336,306394
1337,306921
1338,306923
1339,307351
1340,307353
1341,307667
1342,307669
1343,307703
1344,307705
1345,307938
1346,307940
1347,307963
1348,307965
1349,308288
1350,308290
1351,308556
1352,308558
1353,308608
1354,308610
1355,308659
1356,308661
1357,309161
1358,309163
1359,309648
1360,309650
1361,310057
1362,310059
1363,310712
1364,310714
1365,311022
1366,311024
1367,311422
1368,311424
1369,311873
1370,311875
1371,311976
1372,311978
1373,312445
1374,312447
1375,313106
1376,313108
1377,314550
1378,314552
1379,314601
1380,314603
1381,315322
1382,315324
1383,316337
1384,316339
1385,317190
1386,317192
1387,317770
1388,317772
1389,318200
1390,318202
1391,320019
1392,320021
1393,320070
1394,320072
1395,322036
1396,322038
1397,322601
1398,322603
1399,322968
1400,322970
1401,323707
1402,323709
1403,324284
1404,324286
1405,325038
1406,325040
1407,325942
1408,325944
1409,325993
1410,325995
1411,326846
1412,326848
1413,327213
1414,327215
1415,327478
1416,327480
1417,327641
1418,327643
1419,327936
1420,327938
1421,327975
1422,327977
1423,329182
1424,329184
1425,330032
1426,330034
1427,331080
1428,331082
1429,331540
1430,331542
1431,331823
1432,331825
1433,332619
1434,332621
1435,333400
1436,333402
1437,333439
1438,333441
1439,334796
1440,334798
1441,335229
1442,335231
1443,335398
1444,335400
1445,336380
1446,336382
1447,337773
1448,337775
1449,338212
1450,338214
1451,338864
1452,338866
1453,338903
1454,338905
1455,339516
1456,339518
1457,339769
1458,339771
1459,340481
1460,340483
1461,340731
1462,340733
1463,341164
1464,341166
1465,341513
1466,341515
1467,342504
1468,342507
1469,342543
1470,342547
1471,342550
1472,343816
1473,345405
1474,345407
1475,345444
1476,345446
1477,345775
1478,345777
1479,345806
1480,345808
1481,345834
1482,345836
1483,345867
1484,345869
1485,346237
1486,346239
1487,346835
1488,346837
1489,348252
1490,348254
1491,348700
1492,348702
1493,348740
1494,348742
1495,349980
1496,349982
1497,350026
1498,350028
1499,350636
1500,350638
1501,350751
1502,350753
1503,351934
1504,351936
1505,351967
1506,351969
1507,352055
1508,352057
1509,353148
1510,353150
1511,353470
1512,353472
1513,355079
1514,355081
1515,355200
1516,355202
1517,355453
1518,355455
1519,356234
1520,356236
1521,357054
1522,357056
1523,357490
1524,357492
1525,357523
1526,357525
1527,358493
1528,358495
1529,358944
1530,358946
1531,359005
1532,359007
1533,359516
1534,359518
1535,359847
1536,359849
1537,360619
1538,360621
1539,361832
1540,361834
1541,362739
1542,362741
1543,363034
1544,363036
1545,363067
1546,363069
1547,363185
1548,363187
1549,364497
1550,364499
1551,365704
1552,365706
1553,366251
1554,366253
1555,366287
1556,366289
1557,366825
1558,366827
1559,367177
1560,367179
1561,368135
1562,368137
1563,369249
1564,369251
1565,370381
1566,370383
1567,371036
1568,371038
1569,371298
1570,371300
1571,373000
1572,373002
1573,373036
1574,373038
1575,374765
1576,374767
1577,375972
1578,375974
1579,376544
1580,376546
1581,377151
1582,377153
1583,378886
1584,378888
1585,378922
1586,378924
1587,379010
1588,379012
1589,379830
1590,379832
1591,382159
1592,382161
1593,383801
1594,383803
1595,383840
1596,383842
1597,384021
1598,384023
1599,384499
1600,384501
1601,384815
1602,384817
1603,385584
1604,385586
1605,386362
1606,386364
1607,387089
1608,387091
1609,387936
1610,387938
1611,389311
1612,389313
1613,389350
1614,389352
1615,389789
1616,389791
1617,390717
1618,390719
1619,391393
1620,391395
1621,391871
1622,391873
1623,392649
1624,392651
1625,393238
1626,393240
1627,394160
1628,394162
1629,394998
1630,395000
1631,395037
1632,395039
1633,395551
1634,395553
1635,396434
1636,396436
1637,397320
1638,397322
1639,399988
1640,399990
1641,400454
1642,400456
1643,400493
1644,400495
1645,401232
1646,401234
1647,401593
1648,401595
1649,401867
1650,401869
1651,402084
1652,402086
1653,402111
1654,402113
1655,403237
1656,403239
1657,403478
1658,403480
1659,404133
1660,404135
1661,404629
1662,404631
1663,405980
1664,405982
1665,407028
1666,407030
1667,407494
1668,407496
1669,407521
1670,407523
1671,408335
1672,408337
1673,408456
1674,408458
1675,408928
1676,408930
1677,409265
1678,409267
1679,411180
1680,411182
1681,412558
1682,412560
1683,412739
1684,412741
1685,413343
1686,413345
1687,413370
1688,413372
1689,414028
1690,414030
1691,414821
1692,414823
1693,415464
1694,415466
1695,415867
1696,415869
1697,416087
1698,416089
1699,417453
1700,417455
1701,418693
1702,418695
1703,418720
1704,418722
1705,419729
1706,419731
1707,419889
1708,419891
1709,420004
1710,420006
1711,420040
1712,420042
1713,420485
1714,420487
1715,421785
1716,421787
1717,422092
1718,422094
1719,423131
1720,423133
1721,423501
1722,423503
1723,424198
1724,424200
1725,425123
1726,425125
1727,426312
1728,426314
1729,426348
1730,426350
1731,427351
1732,427353
1733,428177
1734,428179
1735,429183
1736,429185
1737,429787
1738,429789
1739,430235
1740,430237
1741,430830
1742,430832
1743,431386
1744,431388
1745,432047
1746,432049
1747,432083
1748,432085
1749,432765
1750,432767
1751,433117
1752,433119
1753,433538
1754,433540
1755,434160
1756,434162
1757,434644
1758,434646
1759,435377
1760,435379
1761,436881
1762,436883
1763,437632
1764,437634
1765,437668
1766,437670
1767,437702
1768,437704
1769,437718
1770,437720
1771,438031
1772,438033
1773,438081
1774,438083
1775,438238
1776,438240
1777,439217
1778,439219
1779,440163
1780,440165
1781,440350
1782,440352
1783,440792
1784,440794
1785,441552
1786,441554
1787,442282
1788,442284
1789,443213
1790,443215
1791,443796
1792,443798
1793,443846
1794,443848
1795,444744
1796,444746
1797,445222
1798,445224
1799,446033
1800,446035
1801,446541
1802,446543
1803,446902
1804,446904
1805,447293
1806,447295
1807,448305
1808,448307
1809,449254
1810,449256
1811,449304
1812,449306
1813,449774
1814,449776
1815,449802
1816,449804
1817,451444
1818,451446
1819,452270
1820,452272
1821,453333
1822,453335
1823,453937
1824,453939
1825,454712
1826,454714
1827,454762
1828,454764
1829,455360
1830,455362
1831,455928
1832,455930
1833,455965
1834,455967
1835,456001
1836,456003
1837,456485
1838,456487
1839,457491
1840,457493
1841,458488
1842,458490
1843,459173
1844,459175
1845,460662
1846,460664
1847,461623
1848,461625
1849,461659
1850,461661
1851,462389
1852,462391
1853,464139
1854,464141
1855,464692
1856,464694
1857,465716
1858,465718
1859,466587
1860,466589
1861,467605
1862,467607
1863,467641
1864,467643
1865,467999
1866,468001
1867,468546
1868,468548
1869,469897
1870,469899
1871,470372
1872,470374
1873,470826
1874,470828
1875,470980
1876,470982
1877,471890
1878,471892
1879,472074
1880,472076
1881,472399
1882,472401
1883,472838
1884,472840
1885,473217
1886,473219
1887,473253
1888,473255
1889,473293
1890,473295
1891,473957
1892,473959
1893,474243
1894,474245
1895,474301
1896,474303
1897,474377
1898,474379
1899,474435
1900,474437
1901,474483
1902,474485
1903,475753
1904,475755
1905,476468
1906,476470
1907,476784
1908,476786
1909,477454
1910,477456
1911,478748
1912,478750
1913,479496
1914,479498
1915,481690
1916,481692
1917,481738
1918,481740
1919,482063
1920,482065
1921,482778
1922,482780
1923,483130
1924,483132
1925,483563
1926,483565
1927,485073
1928,485075
1929,485212
1930,485214
1931,485501
1932,485503
1933,486153
1934,486155
1935,486694
1936,486696
1937,487193
1938,487195
1939,487241
1940,487243
1941,487482
1942,487484
1943,489082
1944,489084
1945,489317
1946,489319
1947,489630
1948,489632
1949,490726
1950,490728
1951,491510
1952,491512
1953,491928
1954,491930
1955,492199
1956,492201
1957,492238
1958,492240
1959,492449
1960,492451
1961,493650
1962,493652
1963,494827
1964,494829
1965,494873
1966,494875
1967,495396
1968,495398
1969,495910
1970,495912
1971,496487
1972,496489
1973,497727
1974,497729
1975,497766
1976,497768
1977,498673
1978,498675
1979,499847
1980,499849
1981,501417
1982,501419
1983,501970
1984,501972
1985,502313
1986,502315
1987,502629
1988,502631
1989,503881
1990,503883
1991,503920
1992,503922
1993,504587
1994,504589
1995,504979
1996,504981
1997,505739
1998,505741
1999,506619
2000,506621
2001,507742
2002,507744
2003,508235
2004,508237
2005,509235
2006,509237
2007,509274
2008,509276
2009,510352
2010,510354
2011,510587
2012,510589
2013,511317
2014,511319
2015,512131
2016,512133
2017,512366
2018,512368
2019,513198
2020,513200
2021,513231
2022,513233
2023,513865
2024,513867
2025,514556
2026,514558
2027,515679
2028,515681
2029,515875
2030,515877
2031,517358
2032,517360
2033,517659
2034,517661
2035,518485
2036,518487
2037,520034
2038,520036
2039,520067
2040,520069
2041,520383
2042,520385
2043,520921
2044,520923
2045,522524
2046,522526
2047,523404
2048,523406
2049,524224
2050,524226
2051,525092
2052,525094
2053,525816
2054,525818
2055,525849
2056,525851
2057,526258
2058,526260
2059,526697
2060,526699
2061,527505
2062,527507
2063,528601
2064,528603
2065,529511
2066,529513
2067,530544
2068,530546
2069,530752
2070,530754
2071,530794
2072,530796
2073,531488
2074,531490
2075,532377
2076,532379
2077,533929
2078,533931
2079,534806
2080,534808
2081,535434
2082,535436
2083,536842
2084,536844
2085,536884
2086,536886
2087,536954
2088,536956
2089,537837
2090,537839
2091,538897
2092,538899
2093,539360
2094,539362
2095,540405
2096,540407
2097,540490
2098,540492
2099,542591
2100,542593
2101,542633
2102,542635
2103,543075
2104,543077
2105,543520
2106,543522
2107,544361
2108,544363
2109,545256
2110,545258
2111,546661
2112,546663
2113,547754
2114,547756
2115,547908
2116,547910
2117,547981
2118,547983
2119,548023
2120,548025
2121,548477
2122,548479
2123,548919
2124,548921
2125,549601
2126,549603
2127,549671
2128,549673
2129,549714
2130,549716
2131,549756
2132,549758
2133,550630
2134,550632
2135,551618
2136,551620
2137,552270
2138,552272
2139,553435
2140,553437
2141,554888
2142,554890
2143,555648
2144,555650
2145,555690
2146,555692
2147,556552
2148,556554
2149,557150
2150,557152
2151,557682
2152,557684
2153,558445
2154,558447
2155,558893
2156,558895
2157,559149
2158,559151
2159,559363
2160,559365
2161,560741
2162,560743
2163,560796
2164,560798
2165,560863
2166,560865
2167,561110
2168,561112
2169,561152
2170,561154
2171,562176
2172,562178
2173,562639
2174,562641
2175,563072
2176,563074
2177,564546
2178,564548
2179,564874
2180,564876
2181,565322
2182,565324
2183,565908
2184,565910
2185,566298
2186,566300
2187,566520
2188,566522
2189,566562
2190,566564
2191,567316
2192,567318
2193,567557
2194,567559
2195,568005
2196,568007
2197,568426
2198,568428
2199,568844
2200,568846
2201,568884
2202,568886
2203,569062
2204,569064
2205,569110
2206,569112
2207,569720
2208,569722
2209,570326
2210,570328
2211,571359
2212,571361
2213,571963
2214,571965
2215,572381
2216,572383
2217,573465
2218,573467
2219,574219
2220,574221
2221,574646
2222,574648
2223,574694
2224,574696
2225,575223
2226,575225
2227,576556
2228,576558
2229,577484
2230,577486
2231,577998
2232,578000
2233,578911
2234,578913
2235,578975
2236,578977
2237,579504
2238,579506
2239,580096
2240,580098
2241,580144
2242,580146
2243,580676
2244,580678
2245,581184
2246,581186
2247,582865
2248,582867
2249,583523
2250,583525
2251,584385
2252,584387
2253,585103
2254,585105
2255,585935
2256,585937
2257,585983
2258,585985
2259,586869
2260,586871
2261,588058
2262,588060
2263,588872
2264,588874
2265,588899
2266,588901
2267,589419
2268,589421
2269,590785
2270,590787
2271,591737
2272,591739
2273,592566
2274,592568
2275,593458
2276,593460
2277,594257
2278,594259
2279,594284
2280,594286
2281,594450
2282,594452
2283,595408
2284,595410
2285,596162
2286,596164
2287,596682
2288,596684
2289,598708
2290,598710
2291,598742
2292,598744
2293,599526
2294,599528
2295,600361
2296,600363
2297,600388
2298,600390
2299,601139
2300,601141
2301,601182
2302,601184
2303,601240
2304,601242
2305,602144
2306,602146
2307,602880
2308,602882
2309,603826
2310,603828
2311,604139
2312,604141
2313,604647
2314,604649
2315,605494
2316,605496
2317,606224
2318,606226
2319,606251
2320,606253
2321,606843
2322,606845
2323,607729
2324,607731
2325,607777
2326,607779
2327,608219
2328,608221
2329,609249
2330,609251
2331,610171
2332,610173
2333,610946
2334,610948
2335,611976
2336,611978
2337,613087
2338,613089
2339,613135
2340,613137
2341,614564
2342,614566
2343,614643
2344,614645
2345,614671
2346,614673
2347,615041
2348,615043
2349,615615
2350,615617
2351,616696
2352,616698
2353,617348
2354,617350
2355,618228
2356,618230
2357,618823
2358,618825
2359,618871
2360,618873
2361,619640
2362,619642
2363,619995
2364,619997
2365,620907
2366,620909
2367,621385
2368,621387
2369,621938
2370,621940
2371,622362
2372,622364
2373,623641
2374,623643
2375,624119
2376,624121
2377,624729
2378,624731
2379,624777
2380,624779
2381,625021
2382,625023
2383,626546
2384,626548
2385,626595
2386,626597
2387,626631
2388,626633
2389,627157
2390,627159
2391,628583
2392,628585
2393,628722
2394,628724
2395,629587
2396,629589
2397,629705
2398,629707
2399,630018
2400,630020
2401,630418
2402,630420
2403,631124
2404,631126
2405,631227
2406,631229
2407,631306
2408,631308
2409,632411
2410,632413
2411,632447
2412,632449
2413,632676
2414,632678
2415,633739
2416,633741
2417,635186
2418,635188
2419,635601
2420,635603
2421,636508
2422,636510
2423,637538
2424,637540
2425,638493
2426,638495
2427,638529
2428,638531
2429,638911
2430,638913
2431,639263
2432,639265
2433,639417
2434,639419
2435,639883
2436,639885
2437,640649
2438,640651
2439,641295
2440,641297
2441,641758
2442,641760
2443,642209
2444,642211
2445,642675
2446,642677
2447,643312
2448,643314
2449,643340
2450,643342
2451,643482
2452,643484
2453,643906
2454,643908
2455,643942
2456,643944
2457,644426
2458,644428
2459,644814
2460,644816
2461,644956
2462,644958
2463,645377
2464,645379
2465,645729
2466,645731
2467,645922
2468,645924
2469,645989
2470,645991
2471,645993
2472,646005
2473,646007
2474,646012
2475,646123
2476,646214
