1,0
2,286
3,577
4,579
5,581
6,583
7,605
8,607
9,609
10,1079
11,1132
12,1578
13,1968
14,2301
15,2372
16,2425
17,2472
18,2510
19,2575
20,2637
21,2696
22,2713
23,2737
24,2799
25,2801
26,2803
27,2805
28,2821
29,2823
30,2825
31,2848
32,3414
33,3773
34,5071
35,6434
36,7003
37,7074
38,7130
39,7132
40,7134
41,7136
42,7161
43,7163
44,7165
45,7200
46,7860
47,8687
48,8755
49,9560
50,10599
51,11168
52,11861
53,12391
54,12940
55,13513
56,14644
57,15732
58,16667
59,17433
60,17468
61,18865
62,19305
63,19765
64,20933
65,21984
66,23313
67,23370
68,23372
69,23374
70,23376
71,23401
72,23403
73,23405
74,24306
75,25658
76,26823
77,27642
78,28049
79,28135
80,28164
81,28260
82,28716
83,29666
84,30136
85,30671
86,32064
87,32828
88,33403
89,34053
90,34611
91,35126
92,35767
93,35813
94,35815
95,35817
96,35819
97,35844
98,35846
99,35848
100,36502
101,37077
102,37457
103,38152
104,38721
105,38744
106,38907
107,39332
108,41247
109,41548
110,43142
111,43711
112,44297
113,45459
114,46751
115,47704
116,48379
117,49272
118,49336
119,49338
120,49340
121,49342
122,49367
123,49369
124,49371
125,49391
126,49441
127,51067
128,52508
129,53393
130,54061
131,54804
132,55498
133,56080
134,56679
135,57360
136,58414
137,58993
138,59697
139,60133
140,60156
141,60230
142,61068
143,62372
144,63451
145,64098
146,64901
147,65296
148,66221
149,66289
150,66330
151,66332
152,66334
153,66336
154,66361
155,66363
156,66365
157,66538
158,67725
159,67769
160,68335
161,69129
162,70185
163,70370
164,70414
165,70440
166,70761
167,71147
168,71188
169,72357
170,72764
171,73426
172,74289
173,75825
174,76600
175,77536
176,77865
177,77916
178,77918
179,77920
180,77922
181,77947
182,77949
183,77951
184,78742
185,79457
186,80368
187,80429
188,80458
189,80549
190,80952
191,81008
192,81730
193,82680
194,83243
195,83797
196,84354
197,84413
198,84475
199,84537
200,84596
201,84652
202,84705
203,84767
204,84829
205,84885
206,84947
207,85006
208,85068
209,85130
210,85963
211,86566
212,87027
213,87689
214,88390
215,88905
216,89449
217,90060
218,90112
219,90114
220,90116
221,90118
222,90143
223,90145
224,90147
225,90173
226,90219
227,90848
228,91561
229,92127
230,92812
231,92877
232,93663
233,94566
234,95372
235,95884
236,96570
237,98171
238,98992
239,99069
240,99368
241,99544
242,99777
243,99824
244,100078
245,100527
246,100553
247,101485
248,101867
249,102585
250,103448
251,104527
252,105557
253,106101
254,107147
255,107187
256,107189
257,107191
258,107193
259,107219
260,107221
261,107223
262,107492
263,107968
264,108637
265,109211
266,110761
267,111054
268,111491
269,111520
270,112575
271,113643
272,114161
273,115434
274,116114
275,117592
276,118780
277,119609
278,119656
279,119658
280,119660
281,119662
282,119688
283,119690
284,119692
285,120229
286,120836
287,121300
288,121863
289,122159
290,122188
291,122247
292,123056
293,123958
294,124800
295,125240
296,126418
297,127107
298,127685
299,128262
300,128660
301,129376
302,130149
303,130949
304,131941
305,132267
306,132560
307,132599
308,132601
309,132603
310,132605
311,132631
312,132633
313,132635
314,132655
315,132851
316,133803
317,134564
318,136058
319,136780
320,137738
321,138568
322,139190
323,140056
324,140721
325,141767
326,142183
327,142458
328,142927
329,143013
330,143036
331,143101
332,144053
333,144358
334,145130
335,146317
336,147144
337,147373
338,148303
339,148347
340,148663
341,148723
342,148725
343,148727
344,148729
345,148755
346,148757
347,148759
348,149562
349,150617
350,152119
351,152840
352,153919
353,153963
354,153983
355,154012
356,154848
357,155265
358,155696
359,156859
360,157191
361,157400
362,158026
363,158556
364,158957
365,159622
366,160098
367,161872
368,161906
369,161908
370,161910
371,161912
372,161938
373,161940
374,161942
375,162498
376,163586
377,163894
378,164442
379,164537
380,164587
381,164616
382,164678
383,166066
384,167130
385,167317
386,168316
387,168965
388,169690
389,169865
390,171121
391,171794
392,172248
393,173066
394,173632
395,174531
396,175071
397,175277
398,175329
399,175331
400,175333
401,175335
402,175361
403,175363
404,175365
405,175394
406,175549
407,176083
408,176672
409,177439
410,178050
411,178556
412,179199
413,179969
414,180193
415,180890
416,182236
417,182307
418,182732
419,183793
420,184021
421,185064
422,185356
423,185943
424,186062
425,186082
426,186129
427,186728
428,187678
429,188004
430,188942
431,189755
432,190709
433,191463
434,191900
435,191942
436,191944
437,191946
438,191948
439,191974
440,191976
441,191978
442,192438
443,193025
444,193704
445,193766
446,193977
447,194362
448,194910
449,195554
450,195778
451,196079
452,196147
453,196182
454,196880
455,197221
456,197928
457,199051
458,199470
459,199895
460,200128
461,200460
462,200855
463,201361
464,202074
465,203340
466,204224
467,204291
468,204293
469,204295
470,204297
471,204323
472,204325
473,204327
474,205073
475,205562
476,206729
477,206752
478,206810
479,207945
480,208773
481,209771
482,210225
483,210809
484,211633
485,212331
486,213001
487,213545
488,214477
489,215144
490,215818
491,216657
492,217251
493,217451
494,217507
495,217509
496,217511
497,217513
498,217539
499,217541
500,217543
501,217569
502,218000
503,218182
504,218808
505,218876
506,220277
507,220967
508,221380
509,222452
510,223525
511,224127
512,226441
513,227647
514,228150
515,228173
516,228244
517,229154
518,229441
519,230108
520,230619
521,230920
522,231357
523,232292
524,232723
525,233667
526,233957
527,234002
528,234004
529,234006
530,234008
531,234034
532,234036
533,234038
534,234463
535,235538
536,235969
537,236561
538,237391
539,237972
540,238782
541,238955
542,238975
543,239283
544,240206
545,241744
546,242397
547,243073
548,243974
549,244621
550,245669
551,246025
552,246669
553,246983
554,247036
555,247038
556,247040
557,247042
558,247068
559,247070
560,247072
561,247661
562,248059
563,248271
564,248684
565,249139
566,249612
567,249917
568,249946
569,250991
570,251506
571,252367
572,252914
573,253571
574,254205
575,254564
576,255612
577,256084
578,257239
579,258231
580,258899
581,259825
582,260280
583,260352
584,260394
585,260396
586,260398
587,260400
588,260426
589,260428
590,260430
591,260453
592,260606
593,261133
594,262062
595,262756
596,263550
597,263844
598,264548
599,265363
600,266010
601,266797
602,267633
603,268061
604,269383
605,270467
606,270814
607,270834
608,271529
609,271983
610,272054
611,272125
612,272169
613,272237
614,273277
615,273989
616,274699
617,275097
618,275138
619,275713
620,276168
621,276748
622,277233
623,277290
624,277292
625,277294
626,277296
627,277322
628,277324
629,277326
630,278137
631,279044
632,279937
633,280860
634,281090
635,281113
636,281193
637,282226
638,283116
639,283706
640,284488
641,284727
642,285374
643,285832
644,286115
645,286643
646,287154
647,287558
648,288079
649,288438
650,288896
651,288942
652,288944
653,288946
654,288948
655,288974
656,288976
657,288978
658,290418
659,290876
660,291352
661,291375
662,292400
663,292849
664,293166
665,293511
666,294475
667,295017
668,296570
669,297689
670,297733
671,298548
672,298700
673,299299
674,300307
675,301008
676,301565
677,301798
678,301839
679,301841
680,301843
681,301845
682,301871
683,301873
684,301875
685,301895
686,301988
687,303532
688,304630
689,305229
690,306235
691,307044
692,307629
693,309016
694,309642
695,310087
696,310750
697,312047
698,312559
699,312588
700,313244
701,313690
702,314247
703,314300
704,314653
705,315606
706,316067
707,316777
708,317823
709,317900
710,317902
711,317904
712,317906
713,317932
714,317934
715,317936
716,318534
717,319191
718,319786
719,320704
720,321264
721,321911
722,322420
723,322818
724,323488
725,323511
726,324788
727,325327
728,325686
729,326230
730,326903
731,327426
732,328133
733,328783
734,329982
735,331184
736,331220
737,331222
738,331224
739,331226
740,331252
741,331254
742,331256
743,332269
744,332937
745,333517
746,334155
747,334178
748,334853
749,335675
750,336224
751,336868
752,337906
753,339219
754,339929
755,341081
756,342024
757,342956
758,343753
759,345041
760,345440
761,345498
762,345500
763,345502
764,345504
765,345536
766,345538
767,345540
768,345620
769,346686
770,347374
771,347847
772,349112
773,349882
774,350553
775,351353
776,352306
777,352930
778,354564
779,355208
780,356110
781,356775
782,356888
783,356934
784,356936
785,356938
786,356940
787,356996
788,356998
789,357000
790,357020
791,357058
792,357093
793,357895
794,357950
795,357985
796,358082
797,358111
798,358536
799,358580
800,358609
801,358696
802,358731
803,358802
804,358912
805,359012
806,359041
807,359087
808,359152
809,359249
810,359428
811,359786
812,359845
813,360018
814,360056
815,360192
816,360251
817,360694
818,360771
819,360824
820,361063
821,361146
822,361340
823,361423
824,361460
825,361611
826,361938
827,361975
828,362195
829,362413
830,362553
831,362642
832,362796
833,362912
834,362980
835,363017
836,363430
837,363483
838,363527
839,363727
840,363822
841,363859
842,363911
843,364201
844,364248
845,364316
846,364617
847,364922
848,365383
849,365420
850,366204
851,366422
852,366740
853,366777
854,367374
855,367592
856,367629
857,368281
858,368463
859,368500
860,368546
861,368743
862,369165
863,369203
864,369255
865,369365
866,369621
867,369725
868,369829
869,369915
870,370169
871,370474
872,370518
873,370673
874,370702
875,370740
876,370916
877,371098
878,371229
879,371258
880,371296
881,371343
882,371504
883,371563
884,371598
885,371903
886,371932
887,371967
888,372394
889,372477
890,372515
891,372688
892,372804
893,373505
894,373620
895,373817
896,373855
897,374265
898,374402
899,374440
900,374484
901,374486
902,374488
903,374490
904,374546
905,374548
906,374550
907,375257
908,375502
909,375627
910,375721
911,375874
912,376094
913,376339
914,376398
915,376418
916,376459
917,376494
918,376549
919,376878
920,376931
921,377173
922,377460
923,377569
924,377670
925,377753
926,378031
927,378066
928,378112
929,378264
930,378443
931,378514
932,378669
933,378719
934,378754
935,378942
936,379058
937,379093
938,379209
939,379349
940,379453
941,379488
942,379570
943,379653
944,380000
945,380227
946,380412
947,380744
948,380767
949,380802
950,380963
951,381184
952,381378
953,381656
954,381712
955,381747
956,381791
957,382119
958,382154
959,382335
960,382436
961,382840
962,382890
963,382967
964,383137
965,383172
966,383447
967,383620
968,383709
969,383756
970,383953
971,384171
972,384344
973,384487
974,384554
975,384991
976,385311
977,385346
978,385435
979,385599
980,385784
981,385960
982,386010
983,386090
984,386131
985,386196
986,386254
987,386345
988,386419
989,386655
990,386708
991,386817
992,386851
993,387159
994,387209
995,387277
996,387679
997,388187
998,388225
999,388259
1000,388591
1001,388667
1002,388774
1003,388830
1004,389002
1005,389126
1006,389296
1007,389506
1008,389541
1009,389621
1010,389655
1011,389758
1012,390089
1013,390329
1014,390367
1015,390401
1016,390445
1017,390881
1018,390949
1019,390983
1020,391128
1021,391494
1022,392024
1023,392059
1024,392115
1025,392181
1026,392183
1027,392185
1028,392187
1029,392243
1030,392245
1031,392247
1032,392641
1033,393048
1034,393251
1035,393337
1036,393372
1037,393434
1038,393982
1039,394676
1040,394720
1041,395120
1042,395155
1043,395217
1044,395332
1045,395830
1046,396211
1047,396246
1048,396308
1049,396648
1050,396683
1051,396745
1052,397100
1053,397325
1054,397597
1055,397845
1056,397970
1057,398296
1058,398331
1059,398366
1060,398859
1061,399011
1062,399046
1063,399128
1064,399488
1065,399968
1066,400395
1067,400430
1068,400474
1069,400888
1070,400944
1071,401009
1072,401125
1073,401163
1074,401198
1075,401274
1076,401826
1077,402176
1078,402250
1079,402415
1080,402525
1081,402560
1082,402613
1083,402777
1084,402806
1085,402841
1086,402888
1087,403330
1088,403413
1089,403876
1090,403911
1091,404046
1092,404108
1093,404153
1094,404155
1095,404157
1096,404159
1097,404215
1098,404217
1099,404219
1100,404754
1101,404825
1102,404941
1103,405042
1104,405077
1105,405115
1106,405459
1107,406042
1108,406227
1109,406262
1110,406300
1111,406509
1112,407371
1113,407406
1114,407444
1115,407926
1116,408264
1117,408464
1118,408505
1119,408539
1120,408559
1121,408600
1122,408634
1123,408712
1124,408999
1125,409049
1126,409083
1127,409292
1128,409330
1129,409565
1130,409599
1131,409679
1132,409907
1133,409941
1134,410033
1135,410068
1136,410109
1137,410144
1138,410206
1139,410241
1140,410285
1141,410578
1142,410613
1143,410759
1144,410794
1145,410904
1146,410939
1147,410986
1148,411021
1149,411062
1150,411097
1151,411494
1152,411529
1153,411585
1154,411620
1155,411688
1156,411923
1157,411958
1158,412414
1159,412568
1160,412603
1161,412638
1162,412835
1163,412942
1164,412971
1165,413006
1166,413191
1167,413226
1168,413729
1169,413764
1170,413874
1171,413909
1172,413974
1173,414009
1174,414173
1175,414238
1176,414273
1177,414338
1178,414373
1179,414486
1180,414957
1181,414991
1182,415059
1183,415093
1184,415128
1185,415162
1186,415227
1187,415261
1188,415293
1189,415327
1190,415458
1191,415492
1192,415590
1193,415624
1194,415656
1195,415998
1196,416033
1197,416092
1198,416316
1199,416336
1200,416392
1201,416427
1202,416507
1203,416542
1204,416619
1205,416708
1206,416743
1207,416802
1208,416837
1209,416902
1210,416937
1211,417002
1212,417112
1213,417165
1214,417200
1215,417349
1216,417399
1217,417455
1218,417457
1219,417459
1220,417461
1221,417508
1222,417510
1223,417512
1224,417535
1225,417729
1226,417788
1227,418234
1228,418425
1229,418445
1230,418633
1231,418689
1232,419067
1233,419397
1234,419552
1235,419997
1236,420041
1237,420188
1238,420247
1239,420267
1240,420411
1241,420467
1242,420762
1243,421143
1244,421344
1245,421358
1246,421552
1247,421602
1248,421979
1249,422170
1250,422357
1251,422374
1252,422523
1253,422576
1254,422802
1255,422921
1256,423290
1257,423488
1258,423829
1259,423852
1260,424002
1261,424061
1262,424370
1263,424569
1264,424851
1265,425086
1266,425357
1267,425549
1268,425847
1269,426027
1270,426044
1271,426193
1272,426246
1273,426529
1274,426741
1275,426782
1276,426784
1277,426786
1278,426788
1279,426835
1280,426837
1281,426839
1282,427017
1283,427214
1284,427470
1285,427487
1286,427636
1287,427689
1288,427851
1289,428027
1290,428325
1291,428527
1292,428800
1293,428820
1294,428999
1295,429055
1296,429638
1297,430142
1298,430480
1299,430686
1300,430842
1301,430992
1302,431273
1303,431296
1304,431450
1305,431509
1306,431724
1307,431925
1308,432072
1309,432285
1310,432478
1311,432501
1312,432650
1313,432709
1314,432967
1315,433170
1316,433478
1317,433694
1318,433711
1319,433891
1320,433944
1321,434122
1322,434294
1323,434470
1324,434655
1325,434669
1326,435695
1327,436150
1328,436195
1329,436197
1330,436199
1331,436201
1332,436266
1333,436268
1334,436270
1335,436296
1336,436940
1337,437737
1338,438357
1339,438914
1340,438967
1341,439323
1342,440000
1343,440089
1344,440121
1345,441317
1346,442084
1347,442134
1348,442487
1349,443371
1350,444513
1351,444572
1352,444598
1353,445071
1354,445547
1355,446227
1356,447171
1357,447782
1358,448912
1359,449001
1360,449054
1361,449116
1362,449118
1363,449120
1364,449122
1365,449193
1366,449195
1367,449197
1368,449220
1369,449759
1370,449989
1371,450045
1372,450697
1373,451244
1374,451885
1375,453056
1376,454375
1377,454972
1378,456278
1379,457183
1380,457974
1381,458687
1382,458910
1383,458951
1384,458974
1385,459051
1386,460232
1387,461228
1388,462174
1389,462563
1390,462637
1391,463140
1392,463533
1393,463991
1394,464553
1395,465212
1396,465748
1397,465786
1398,465788
1399,465790
1400,465792
1401,465863
1402,465865
1403,465867
1404,466255
1405,467154
1406,467255
1407,467302
1408,467325
1409,467867
1410,468666
1411,469229
1412,469396
1413,470052
1414,470396
1415,471055
1416,471834
1417,471881
1418,472543
1419,473073
1420,473277
1421,474098
1422,474413
1423,474987
1424,475036
1425,475038
1426,475040
1427,475042
1428,475113
1429,475115
1430,475117
1431,475683
1432,476123
1433,476146
1434,476190
1435,476649
1436,476696
1437,477154
1438,478069
1439,478902
1440,479081
1441,480279
1442,480719
1443,481409
1444,481967
1445,482557
1446,483099
1447,483821
1448,484562
1449,484750
1450,485106
1451,485148
1452,485150
1453,485152
1454,485154
1455,485234
1456,485236
1457,485238
1458,485267
1459,485434
1460,485463
1461,485492
1462,485533
1463,485562
1464,485789
1465,485827
1466,486396
1467,486455
1468,487120
1469,487563
1470,488285
1471,488866
1472,490128
1473,490181
1474,491233
1475,491340
1476,491366
1477,491908
1478,493253
1479,494649
1480,495570
1481,496739
1482,498410
1483,498679
1484,498717
1485,498743
1486,498784
1487,499329
1488,500273
1489,501869
1490,501970
1491,502024
1492,502026
1493,502028
1494,502030
1495,502110
1496,502112
1497,502114
1498,503055
1499,503942
1500,505222
1501,505521
1502,505550
1503,505879
1504,505956
1505,506990
1506,507682
1507,508644
1508,509432
1509,510989
1510,512314
1511,512877
1512,512906
1513,512938
1514,513864
1515,515027
1516,515587
1517,515910
1518,517112
1519,517810
1520,518403
1521,519779
1522,519851
1523,519853
1524,519855
1525,519857
1526,519928
1527,519930
1528,519932
1529,519961
1530,520799
1531,521494
1532,521655
1533,521750
1534,522457
1535,523275
1536,524333
1537,524905
1538,525018
1539,525041
1540,525076
1541,525790
1542,526252
1543,527283
1544,527864
1545,528451
1546,529407
1547,530000
1548,530032
1549,530385
1550,530834
1551,531586
1552,531996
1553,533015
1554,533599
1555,533940
1556,534629
1557,534676
1558,534678
1559,534680
1560,534682
1561,534702
1562,534704
1563,534706
1564,535330
1565,536303
1566,537163
1567,537207
1568,537209
1569,537211
1570,537213
1571,537233
1572,537235
1573,537237
1574,537573
1575,537842
1576,538369
1577,538488
1578,538808
1579,539456
1580,539881
1581,540659
1582,541171
1583,541223
1584,541225
