1,0
2,35
3,37
4,39
5,55
6,57
7,255
8,257
9,758
10,760
11,1120
12,1122
13,1515
14,1517
15,1988
16,1990
17,2430
18,2432
19,2696
20,2698
21,2717
22,2719
23,3155
24,3157
25,3190
26,3192
27,3462
28,3464
29,3476
30,3478
31,3961
32,3963
33,3993
34,3995
35,4358
36,4360
37,4835
38,4837
39,5563
40,5565
41,6330
42,6332
43,6620
44,6622
45,6718
46,6720
47,7032
48,7034
49,7463
50,7465
51,7606
52,7608
53,7779
54,7781
55,8180
56,8182
57,8349
58,8351
59,8534
60,8536
61,8578
62,8580
63,8787
64,8789
65,9050
66,9052
67,9331
68,9333
69,9489
70,9491
71,9626
72,9628
73,9795
74,9797
75,10496
76,10498
77,10831
78,10833
79,11136
80,11138
81,11171
82,11173
83,11617
84,11619
85,11631
86,11633
87,12386
88,12388
89,12418
90,12420
91,12891
92,12893
93,13403
94,13405
95,13690
96,13692
97,14262
98,14264
99,14825
100,14827
101,15001
102,15003
103,15438
104,15440
105,15800
106,15802
107,16405
108,16407
109,16440
110,16442
111,16787
112,16789
113,16801
114,16803
115,17448
116,17450
117,17480
118,17482
119,18136
120,18138
121,18717
122,18719
123,19088
124,19090
125,19357
126,19359
127,19413
128,19415
129,19469
130,19471
131,19945
132,19947
133,20195
134,20197
135,20216
136,20218
137,20567
138,20569
139,21068
140,21070
141,21768
142,21770
143,22270
144,22272
145,22696
146,22698
147,22988
148,22990
149,23407
150,23409
151,23442
152,23444
153,23831
154,23833
155,23845
156,23847
157,24486
158,24488
159,24518
160,24520
161,24739
162,24741
163,25404
164,25406
165,26129
166,26131
167,26437
168,26439
169,26659
170,26661
171,27255
172,27257
173,27383
174,27385
175,27642
176,27644
177,28106
178,28108
179,28357
180,28359
181,28392
182,28394
183,29105
184,29107
185,29119
186,29121
187,30450
188,30452
189,30482
190,30484
191,30658
192,30660
193,30969
194,30971
195,31517
196,31519
197,31777
198,31779
199,32196
200,32198
201,32429
202,32431
203,32623
204,32625
205,32853
206,32855
207,33095
208,33097
209,33184
210,33186
211,33498
212,33500
213,33758
214,33760
215,33988
216,33990
217,34299
218,34301
219,34415
220,34417
221,34909
222,34911
223,35232
224,35234
225,35267
226,35269
227,35692
228,35694
229,35706
230,35708
231,36579
232,36581
233,36611
234,36613
235,36901
236,36903
237,36922
238,36924
239,38042
240,38044
241,38218
242,38220
243,38676
244,38678
245,39851
246,39853
247,40093
248,40095
249,40377
250,40379
251,40412
252,40414
253,40726
254,40728
255,40740
256,40742
257,41387
258,41389
259,41419
260,41421
261,41601
262,41603
263,42164
264,42166
265,42265
266,42267
267,43422
268,43424
269,43607
270,43609
271,44266
272,44268
273,44898
274,44900
275,45359
276,45361
277,45751
278,45753
279,45921
280,45923
281,45956
282,45958
283,46516
284,46518
285,46530
286,46532
287,47510
288,47512
289,47542
290,47544
291,47880
292,47882
293,48314
294,48316
295,48412
296,48414
297,48642
298,48644
299,48663
300,48665
301,49144
302,49146
303,49368
304,49370
305,50033
306,50035
307,50488
308,50490
309,50733
310,50735
311,50882
312,50884
313,51283
314,51285
315,52011
316,52013
317,52508
318,52510
319,53068
320,53070
321,53901
322,53903
323,53936
324,53938
325,54223
326,54225
327,54237
328,54239
329,54830
330,54832
331,54862
332,54864
333,55275
334,55277
335,55535
336,55537
337,55747
338,55749
339,55947
340,55949
341,56054
342,56056
343,56443
344,56445
345,56613
346,56615
347,56795
348,56797
349,57022
350,57024
351,57159
352,57161
353,57260
354,57262
355,57598
356,57600
357,57771
358,57773
359,57935
360,57937
361,58063
362,58065
363,58365
364,58367
365,58460
366,58462
367,58753
368,58755
369,59097
370,59099
371,59435
372,59437
373,59563
374,59565
375,59781
376,59783
377,59921
378,59923
379,60124
380,60126
381,60345
382,60347
383,60797
384,60799
385,60818
386,60820
387,61238
388,61240
389,61273
390,61275
391,62124
392,62126
393,62138
394,62140
395,62494
396,62496
397,63237
398,63239
399,63491
400,63493
401,63523
402,63525
403,63678
404,63680
405,64259
406,64261
407,64576
408,64578
409,64893
410,64895
411,65498
412,65500
413,65752
414,65754
415,66108
416,66110
417,66236
418,66238
419,66439
420,66441
421,66876
422,66878
423,67076
424,67078
425,67573
426,67575
427,68244
428,68246
429,68279
430,68281
431,68455
432,68457
433,68469
434,68471
435,68873
436,68875
437,68905
438,68907
439,69237
440,69239
441,69431
442,69433
443,69457
444,69459
445,69621
446,69623
447,69647
448,69649
449,69730
450,69732
451,69768
452,69770
453,70286
454,70288
455,70312
456,70314
457,70386
458,70388
459,71813
460,71815
461,72007
462,72009
463,72108
464,72110
465,72140
466,72142
467,72397
468,72399
469,72432
470,72434
471,72530
472,72532
473,72574
474,72576
475,73252
476,73254
477,73305
478,73307
479,73664
480,73666
481,73699
482,73701
483,74022
484,74024
485,74036
486,74038
487,74552
488,74554
489,74584
490,74586
491,74883
492,74885
493,75260
494,75262
495,75529
496,75531
497,75837
498,75839
499,76598
500,76600
501,77067
502,77069
503,77819
504,77821
505,78163
506,78165
507,78184
508,78186
509,79727
510,79729
511,79807
512,79809
513,79917
514,79919
515,79946
516,79948
517,80491
518,80493
519,80514
520,80516
521,80855
522,80857
523,80890
524,80892
525,81162
526,81164
527,81176
528,81178
529,81697
530,81699
531,81729
532,81731
533,81848
534,81850
535,82267
536,82269
537,82902
538,82904
539,84156
540,84158
541,84617
542,84619
543,84943
544,84945
545,85014
546,85016
547,85064
548,85066
549,85108
550,85110
551,85212
552,85214
553,85301
554,85303
555,85672
556,85674
557,85707
558,85709
559,85853
560,85855
561,85867
562,85869
563,86169
564,86171
565,86201
566,86203
567,86896
568,86898
569,87522
570,87524
571,87938
572,87940
573,88399
574,88401
575,88500
576,88502
577,88883
578,88885
579,89182
580,89184
581,89499
582,89501
583,89705
584,89707
585,89854
586,89856
587,90312
588,90314
589,90773
590,90775
591,90928
592,90930
593,91092
594,91094
595,91217
596,91219
597,91276
598,91278
599,91335
600,91337
601,91460
602,91462
603,91615
604,91617
605,91980
606,91982
607,92237
608,92239
609,92272
610,92274
611,92679
612,92681
613,92693
614,92695
615,93466
616,93468
617,93498
618,93500
619,93812
620,93814
621,94282
622,94284
623,94482
624,94484
625,95138
626,95140
627,95159
628,95161
629,95844
630,95846
631,96497
632,96499
633,96607
634,96609
635,96759
636,96761
637,96833
638,96835
639,96907
640,96909
641,97002
642,97004
643,97079
644,97081
645,97150
646,97152
647,97251
648,97253
649,97313
650,97315
651,97405
652,97407
653,97479
654,97481
655,97568
656,97570
657,97603
658,97605
659,98109
660,98111
661,98123
662,98125
663,99022
664,99024
665,99054
666,99056
667,99353
668,99355
669,99713
670,99715
671,100114
672,100116
673,100473
674,100475
675,101417
676,101419
677,101659
678,101661
679,102267
680,102269
681,102623
682,102625
683,102658
684,102660
685,103122
686,103124
687,103136
688,103138
689,104032
690,104034
691,104064
692,104066
693,104726
694,104728
695,105223
696,105225
697,105708
698,105710
699,106055
700,106057
701,106513
702,106515
703,106715
704,106717
705,107272
706,107274
707,107635
708,107637
709,107763
710,107765
711,107849
712,107851
713,108142
714,108144
715,108225
716,108227
717,108491
718,108493
719,108625
720,108627
721,108807
722,108809
723,108839
724,108841
725,109123
726,109125
727,109137
728,109139
729,109487
730,109489
731,109663
732,109665
733,109695
734,109697
735,109949
736,109951
737,110248
738,110250
739,110519
740,110521
741,110746
742,110748
743,110767
744,110769
745,111419
746,111421
747,111628
748,111630
749,111816
750,111818
751,111878
752,111880
753,111931
754,111933
755,112014
756,112016
757,112154
758,112156
759,112441
760,112443
761,112689
762,112691
763,112895
764,112897
765,112996
766,112998
767,113025
768,113027
769,113078
770,113080
771,113140
772,113142
773,113208
774,113210
775,113333
776,113335
777,113356
778,113358
779,113598
780,113600
781,113633
782,113635
783,113974
784,113976
785,114003
786,114005
787,114074
788,114076
789,114136
790,114138
791,114249
792,114251
793,114281
794,114283
795,114634
796,114636
797,114648
798,114650
799,115400
800,115402
801,115432
802,115434
803,115782
804,115784
805,116099
806,116101
807,116297
808,116299
809,116414
810,116416
811,116635
812,116637
813,116982
814,116984
815,117539
816,117541
817,117775
818,117777
819,118754
820,118756
821,119008
822,119010
823,119262
824,119264
825,119603
826,119605
827,120083
828,120085
829,120115
830,120117
831,120444
832,120446
833,120458
834,120460
835,120922
836,120924
837,120954
838,120956
839,121400
840,121402
841,121870
842,121872
843,122340
844,122342
845,122873
846,122875
847,123553
848,123555
849,124044
850,124046
851,124193
852,124195
853,124546
854,124548
855,124587
856,124589
857,124937
858,124939
859,124975
860,124977
861,125298
862,125300
863,125381
864,125383
865,125665
866,125667
867,125706
868,125708
869,125972
870,125974
871,126124
872,126126
873,126162
874,126164
875,126515
876,126517
877,126537
878,126539
879,127006
880,127008
881,127038
882,127040
883,127271
884,127273
885,127285
886,127287
887,127689
888,127691
889,127721
890,127723
891,128047
892,128049
893,128331
894,128333
895,129035
896,129037
897,129190
898,129192
899,129780
900,129782
901,130156
902,130158
903,130491
904,130493
905,130645
906,130647
907,130902
908,130904
909,131987
910,131989
911,132850
912,132852
913,133374
914,133376
915,133871
916,133873
917,134104
918,134106
919,134430
920,134432
921,135034
922,135036
923,135462
924,135464
925,135497
926,135499
927,135829
928,135831
929,135843
930,135845
931,136373
932,136375
933,136405
934,136407
935,136761
936,136763
937,137222
938,137224
939,137635
940,137637
941,137952
942,137954
943,138059
944,138061
945,138118
946,138120
947,138573
948,138575
949,138650
950,138652
951,138700
952,138702
953,139206
954,139208
955,139244
956,139246
957,139594
958,139596
959,139633
960,139635
961,140004
962,140006
963,140079
964,140081
965,140273
966,140275
967,140318
968,140320
969,140539
970,140541
971,140578
972,140580
973,140949
974,140951
975,141003
976,141005
977,141296
978,141298
979,141347
980,141349
981,141634
982,141636
983,141679
984,141681
985,141951
986,141953
987,141987
988,141989
989,142253
990,142255
991,142282
992,142284
993,142770
994,142772
995,142805
996,142807
997,143236
998,143238
999,143265
1000,143267
1001,143287
1002,143289
1003,143920
1004,143922
1005,144099
1006,144101
1007,144134
1008,144136
1009,144499
1010,144501
1011,144513
1012,144515
1013,145256
1014,145258
1015,145288
1016,145290
1017,146091
1018,146093
1019,146471
1020,146473
1021,146692
1022,146694
1023,146912
1024,146914
1025,147139
1026,147141
1027,147351
1028,147353
1029,147698
1030,147700
1031,148042
1032,148044
1033,148551
1034,148553
1035,148703
1036,148705
1037,149341
1038,149343
1039,149466
1040,149468
1041,149513
1042,149515
1043,149656
1044,149658
1045,149697
1046,149699
1047,149807
1048,149809
1049,149857
1050,149859
1051,150123
1052,150125
1053,150158
1054,150160
1055,150493
1056,150495
1057,150507
1058,150509
1059,151061
1060,151063
1061,151093
1062,151095
1063,151362
1064,151364
1065,151609
1066,151611
1067,151824
1068,151826
1069,152114
1070,152116
1071,152263
1072,152265
1073,152670
1074,152672
1075,152936
1076,152938
1077,153016
1078,153018
1079,153120
1080,153122
1081,153542
1082,153544
1083,153703
1084,153705
1085,153891
1086,153893
1087,154052
1088,154054
1089,154312
1090,154314
1091,154566
1092,154568
1093,155003
1094,155005
1095,155380
1096,155382
1097,155427
1098,155429
1099,155666
1100,155668
1101,155707
1102,155709
1103,155976
1104,155978
1105,156008
1106,156010
1107,156289
1108,156291
1109,156324
1110,156326
1111,156554
1112,156556
1113,156568
1114,156570
1115,157083
1116,157085
1117,157115
1118,157117
1119,157495
1120,157497
1121,157920
1122,157922
1123,158153
1124,158155
1125,158221
1126,158223
1127,158826
1128,158828
1129,159425
1130,159427
1131,159526
1132,159528
1133,159651
1134,159653
1135,159965
1136,159967
1137,160207
1138,160209
1139,160437
1140,160439
1141,160583
1142,160585
1143,160825
1144,160827
1145,160847
1146,160849
1147,161095
1148,161097
1149,161289
1150,161291
1151,161459
1152,161461
1153,161746
1154,161748
1155,161886
1156,161888
1157,162191
1158,162193
1159,162226
1160,162228
1161,163017
1162,163019
1163,163031
1164,163033
1165,163774
1166,163776
1167,164154
1168,164156
1169,164459
1170,164461
1171,164491
1172,164493
1173,164793
1174,164795
1175,165266
1176,165268
1177,165373
1178,165375
1179,166356
1180,166358
1181,166595
1182,166597
1183,167227
1184,167229
1185,167607
1186,167609
1187,167870
1188,167872
1189,168019
1190,168021
1191,168528
1192,168530
1193,168731
1194,168733
1195,169234
1196,169236
1197,169269
1198,169271
1199,169511
1200,169513
1201,169525
1202,169527
1203,170100
1204,170102
1205,170132
1206,170134
1207,170341
1208,170343
1209,170814
1210,170816
1211,171029
1212,171031
1213,171743
1214,171745
1215,172484
1216,172486
1217,172888
1218,172890
1219,173592
1220,173594
1221,174383
1222,174385
1223,174415
1224,174417
1225,174618
1226,174620
1227,174671
1228,174673
1229,175096
1230,175098
1231,175143
1232,175145
1233,175550
1234,175552
1235,175585
1236,175587
1237,176007
1238,176009
1239,176021
1240,176023
1241,176043
1242,176045
1243,176891
1244,176893
1245,176923
1246,176925
1247,177216
1248,177218
1249,177928
1250,177930
1251,178911
1252,178913
1253,179717
1254,179719
1255,180105
1256,180107
1257,181124
1258,181126
1259,181336
1260,181338
1261,181815
1262,181817
1263,181961
1264,181963
1265,181993
1266,181995
1267,182943
1268,182945
1269,182990
1270,182992
1271,183556
1272,183558
1273,183600
1274,183602
1275,184370
1276,184372
1277,184405
1278,184407
1279,184746
1280,184748
1281,184760
1282,184762
1283,185356
1284,185358
1285,185388
1286,185390
1287,185705
1288,185707
1289,185980
1290,185982
1291,186418
1292,186420
1293,186534
1294,186536
1295,186824
1296,186826
1297,186994
1298,186996
1299,187035
1300,187037
1301,187193
1302,187195
1303,187482
1304,187484
1305,187640
1306,187642
1307,187714
1308,187716
1309,187992
1310,187994
1311,188093
1312,188095
1313,188368
1314,188370
1315,188511
1316,188513
1317,188792
1318,188794
1319,189040
1320,189042
1321,189379
1322,189381
1323,189822
1324,189824
1325,190160
1326,190162
1327,190516
1328,190518
1329,190887
1330,190889
1331,191309
1332,191311
1333,191638
1334,191640
1335,191660
1336,191662
1337,192255
1338,192257
1339,192290
1340,192292
1341,192871
1342,192873
1343,192885
1344,192887
1345,193943
1346,193945
1347,193975
1348,193977
1349,194319
1350,194321
1351,194630
1352,194632
1353,195097
1354,195099
1355,195270
1356,195272
1357,196613
1358,196615
1359,197098
1360,197100
1361,197193
1362,197195
1363,197216
1364,197218
1365,197731
1366,197733
1367,197754
1368,197756
1369,198104
1370,198106
1371,198127
1372,198129
1373,198465
1374,198467
1375,198488
1376,198490
1377,198838
1378,198840
1379,198873
1380,198875
1381,199166
1382,199168
1383,199180
1384,199182
1385,199635
1386,199637
1387,199667
1388,199669
1389,200173
1390,200175
1391,200262
1392,200264
1393,201067
1394,201069
1395,201615
1396,201617
1397,202094
1398,202096
1399,202273
1400,202275
1401,202731
1402,202733
1403,203246
1404,203248
1405,203692
1406,203694
1407,204309
1408,204311
1409,204494
1410,204496
1411,204847
1412,204849
1413,205686
1414,205688
1415,206138
1416,206140
1417,206182
1418,206184
1419,206454
1420,206456
1421,206477
1422,206479
1423,206656
1424,206658
1425,206691
1426,206693
1427,207209
1428,207211
1429,207244
1430,207246
1431,207657
1432,207659
1433,207671
1434,207673
1435,207760
1436,207762
1437,208359
1438,208361
1439,208391
1440,208393
1441,208759
1442,208761
1443,209130
1444,209132
1445,209152
1446,209154
1447,209533
1448,209535
1449,210630
1450,210632
1451,211091
1452,211093
1453,211207
1454,211209
1455,211467
1456,211469
1457,211748
1458,211750
1459,212134
1460,212136
1461,212388
1462,212390
1463,212972
1464,212974
1465,213007
1466,213009
1467,213240
1468,213242
1469,213254
1470,213256
1471,213652
1472,213654
1473,213684
1474,213686
1475,213992
1476,213994
1477,214357
1478,214359
1479,214452
1480,214454
1481,214841
1482,214843
1483,215164
1484,215166
1485,215529
1486,215531
1487,215933
1488,215935
1489,216340
1490,216342
1491,216747
1492,216749
1493,216785
1494,216787
1495,217264
1496,217266
1497,217302
1498,217304
1499,217505
1500,217507
1501,217771
1502,217773
1503,217809
1504,217811
1505,218135
1506,218137
1507,218581
1508,218583
1509,218616
1510,218618
1511,218915
1512,218917
1513,218941
1514,218943
1515,219186
1516,219188
1517,219572
1518,219574
1519,219610
1520,219612
1521,220191
1522,220193
1523,220226
1524,220228
1525,220558
1526,220560
1527,220836
1528,220838
1529,220871
1530,220873
1531,221518
1532,221520
1533,221532
1534,221534
1535,221846
1536,221848
1537,222364
1538,222366
1539,222627
1540,222629
1541,222659
1542,222661
1543,223129
1544,223131
1545,223989
1546,223991
1547,225050
1548,225052
1549,226300
1550,226302
1551,226626
1552,226628
1553,226802
1554,226804
1555,226824
1556,226826
1557,226967
1558,226969
1559,227064
1560,227066
1561,227453
1562,227455
1563,227506
1564,227508
1565,227694
1566,227696
1567,227738
1568,227740
1569,227935
1570,227937
1571,228012
1572,228014
1573,228215
1574,228217
1575,228265
1576,228267
1577,228522
1578,228524
1579,228557
1580,228559
1581,228898
1582,228900
1583,228912
1584,228914
1585,229427
1586,229429
1587,229459
1588,229461
1589,229860
1590,229862
1591,230144
1592,230146
1593,230626
1594,230628
1595,230955
1596,230957
1597,231293
1598,231295
1599,231658
1600,231660
1601,232023
1602,232025
1603,232313
1604,232315
1605,232606
1606,232608
1607,232998
1608,233000
1609,233156
1610,233158
1611,233224
1612,233226
1613,233280
1614,233282
1615,233375
1616,233377
1617,233464
1618,233466
1619,233547
1620,233549
1621,233666
1622,233668
1623,233767
1624,233769
1625,233841
1626,233843
1627,234896
1628,234898
1629,234988
1630,234990
1631,235521
1632,235523
1633,235571
1634,235573
1635,236563
1636,236565
1637,236598
1638,236600
1639,236948
1640,236950
1641,236962
1642,236964
1643,237792
1644,237794
1645,237824
1646,237826
1647,238192
1648,238194
1649,238683
1650,238685
1651,238889
1652,238891
1653,239077
1654,239079
1655,239220
1656,239222
1657,240021
1658,240023
1659,241229
1660,241231
1661,241780
1662,241782
1663,241972
1664,241974
1665,242412
1666,242414
1667,242585
1668,242587
1669,242731
1670,242733
1671,242997
1672,242999
1673,243215
1674,243217
1675,243538
1676,243540
1677,243897
1678,243899
1679,243919
1680,243921
1681,244466
1682,244468
1683,244498
1684,244500
1685,245043
1686,245045
1687,245057
1688,245059
1689,245296
1690,245298
1691,246060
1692,246062
1693,246092
1694,246094
1695,246460
1696,246462
1697,247227
1698,247229
1699,247664
1700,247666
1701,247789
1702,247791
1703,248160
1704,248162
1705,248399
1706,248401
1707,248566
1708,248568
1709,248853
1710,248855
1711,249041
1712,249043
1713,249571
1714,249573
1715,249972
1716,249974
1717,250157
1718,250159
1719,250588
1720,250590
1721,251229
1722,251231
1723,251387
1724,251389
1725,252139
1726,252141
1727,252174
1728,252176
1729,252728
1730,252730
1731,252742
1732,252744
1733,253626
1734,253628
1735,253658
1736,253660
1737,253813
1738,253815
1739,254613
1740,254615
1741,254861
1742,254863
1743,255254
1744,255256
1745,256063
1746,256065
1747,256302
1748,256304
1749,256967
1750,256969
1751,257269
1752,257271
1753,257415
1754,257417
1755,257447
1756,257449
1757,257614
1758,257616
1759,257748
1760,257750
1761,257870
1762,257872
1763,258085
1764,258087
1765,258132
1766,258134
1767,258431
1768,258433
1769,258484
1770,258486
1771,258786
1772,258788
1773,258842
1774,258844
1775,259268
1776,259270
1777,259345
1778,259347
1779,259692
1780,259694
1781,259799
1782,259801
1783,260110
1784,260112
1785,260145
1786,260147
1787,260303
1788,260305
1789,260317
1790,260319
1791,260565
1792,260567
1793,260597
1794,260599
1795,260619
1796,260621
1797,261390
1798,261392
1799,261605
1800,261607
1801,261796
1802,261798
1803,262002
1804,262004
1805,262595
1806,262597
1807,262783
1808,262785
1809,262896
1810,262898
1811,262934
1812,262936
1813,263089
1814,263091
1815,263163
1816,263165
1817,263216
1818,263218
1819,263941
1820,263943
1821,264507
1822,264509
1823,264587
1824,264589
1825,264610
1826,264612
1827,264948
1828,264950
1829,264971
1830,264973
1831,265351
1832,265353
1833,265374
1834,265376
1835,265508
1836,265510
1837,265543
1838,265545
1839,265836
1840,265838
1841,265850
1842,265852
1843,266317
1844,266319
1845,266349
1846,266351
1847,266681
1848,266683
1849,267091
1850,267093
1851,267636
1852,267638
1853,268094
1854,268096
1855,268843
1856,268845
1857,268980
1858,268982
1859,269417
1860,269419
1861,270514
1862,270516
1863,270885
1864,270887
1865,270920
1866,270922
1867,271174
1868,271176
1869,271188
1870,271190
1871,271616
1872,271618
1873,271648
1874,271650
1875,272157
1876,272159
1877,272717
1878,272719
1879,273484
1880,273486
1881,273816
1882,273818
1883,274742
1884,274744
1885,275059
1886,275061
1887,275151
1888,275153
1889,275774
1890,275776
1891,276025
1892,276027
1893,276066
1894,276068
1895,276383
1896,276385
1897,276421
1898,276423
1899,276873
1900,276875
1901,276947
1902,276949
1903,277393
1904,277395
1905,277415
1906,277417
1907,277908
1908,277910
1909,277943
1910,277945
1911,278401
1912,278403
1913,278415
1914,278417
1915,279188
1916,279190
1917,279220
1918,279222
1919,279462
1920,279464
1921,279962
1922,279964
1923,280210
1924,280212
1925,280548
1926,280550
1927,280895
1928,280897
1929,281107
1930,281109
1931,281439
1932,281441
1933,281804
1934,281806
1935,281893
1936,281895
1937,281952
1938,281954
1939,282005
1940,282007
1941,282142
1942,282144
1943,282189
1944,282191
1945,282401
1946,282403
1947,282820
1948,282822
1949,282984
1950,282986
1951,283463
1952,283465
1953,283588
1954,283590
1955,284034
1956,284036
1957,284564
1958,284566
1959,284857
1960,284859
1961,285255
1962,285257
1963,285560
1964,285562
1965,285595
1966,285597
1967,285810
1968,285812
1969,285824
1970,285826
1971,286234
1972,286236
1973,286266
1974,286268
1975,286757
1976,286759
1977,287365
1978,287367
1979,288077
1980,288079
1981,288511
1982,288513
1983,288744
1984,288746
1985,289139
1986,289141
1987,289381
1988,289383
1989,289851
1990,289853
1991,290432
1992,290434
1993,290791
1994,290793
1995,290937
1996,290939
1997,291044
1998,291046
1999,291121
2000,291123
2001,291756
2002,291758
2003,291788
2004,291790
2005,292156
2006,292158
2007,292188
2008,292190
2009,292478
2010,292480
2011,292510
2012,292512
2013,292974
2014,292976
2015,293009
2016,293011
2017,293155
2018,293157
2019,293169
2020,293171
2021,293357
2022,293359
2023,293389
2024,293391
2025,293694
2026,293696
2027,294227
2028,294229
2029,294403
2030,294405
2031,294573
2032,294575
2033,294653
2034,294655
2035,294802
2036,294804
2037,294824
2038,294826
2039,295090
2040,295092
2041,295296
2042,295298
2043,295451
2044,295453
2045,295672
2046,295674
2047,296094
2048,296096
2049,296315
2050,296317
2051,296461
2052,296463
2053,296796
2054,296798
2055,297204
2056,297206
2057,297573
2058,297575
2059,297926
2060,297928
2061,298249
2062,298251
2063,298647
2064,298649
2065,299387
2066,299389
2067,299422
2068,299424
2069,299589
2070,299591
2071,299603
2072,299605
2073,299860
2074,299862
2075,299892
2076,299894
2077,300263
2078,300265
2079,300415
2080,300417
2081,300810
2082,300812
2083,300998
2084,301000
2085,301285
2086,301287
2087,301419
2088,301421
2089,301889
2090,301891
2091,302122
2092,302124
2093,302661
2094,302663
2095,302858
2096,302860
2097,303097
2098,303099
2099,303318
2100,303320
2101,303458
2102,303460
2103,303760
2104,303762
2105,304219
2106,304221
2107,304944
2108,304946
2109,305282
2110,305284
2111,305728
2112,305730
2113,306396
2114,306398
2115,306989
2116,306991
2117,307102
2118,307104
2119,307314
2120,307316
2121,307403
2122,307405
2123,307582
2124,307584
2125,307689
2126,307691
2127,307724
2128,307726
2129,308098
2130,308100
2131,308112
2132,308114
2133,308813
2134,308815
2135,308845
2136,308847
2137,309114
2138,309116
2139,309299
2140,309301
2141,309368
2142,309370
2143,309868
2144,309870
2145,310629
2146,310631
2147,310907
2148,310909
2149,311320
2150,311322
2151,311787
2152,311789
2153,311930
2154,311932
2155,311952
2156,311954
2157,312608
2158,312610
2159,313261
2160,313263
2161,313296
2162,313298
2163,313565
2164,313567
2165,313579
2166,313581
2167,314064
2168,314066
2169,314096
2170,314098
2171,314344
2172,314346
2173,314637
2174,314639
2175,314909
2176,314911
2177,315049
2178,315051
2179,315186
2180,315188
2181,315227
2182,315229
2183,315316
2184,315318
2185,315357
2186,315359
2187,315521
2188,315523
2189,315550
2190,315552
2191,315780
2192,315782
2193,315965
2194,315967
2195,316627
2196,316629
2197,316857
2198,316859
2199,317363
2200,317365
2201,317792
2202,317794
2203,318050
2204,318052
2205,318304
2206,318306
2207,318852
2208,318854
2209,318887
2210,318889
2211,319123
2212,319125
2213,319137
2214,319139
2215,319502
2216,319504
2217,319534
2218,319536
2219,319671
2220,319673
2221,319907
2222,319909
2223,320416
2224,320418
2225,320742
2226,320744
2227,321065
2228,321067
2229,321637
2230,321639
2231,321882
2232,321884
2233,322235
2234,322237
2235,322513
2236,322515
2237,322578
2238,322580
2239,322805
2240,322807
2241,323071
2242,323073
2243,323196
2244,323198
2245,323630
2246,323632
2247,324040
2248,324042
2249,324207
2250,324209
2251,324482
2252,324484
2253,324790
2254,324792
2255,324954
2256,324956
2257,325289
2258,325291
2259,325387
2260,325389
2261,325413
2262,325415
2263,325640
2264,325642
2265,325672
2266,325674
2267,325923
2268,325925
2269,326150
2270,326152
2271,326272
2272,326274
2273,326427
2274,326429
2275,326492
2276,326494
2277,326626
2278,326628
2279,326661
2280,326663
2281,327458
2282,327460
2283,327472
2284,327474
2285,328860
2286,328862
2287,328892
2288,328894
2289,329416
2290,329418
2291,329634
2292,329636
2293,329656
2294,329658
2295,330433
2296,330435
2297,330825
2298,330827
2299,330938
2300,330940
2301,331087
2302,331089
2303,331938
2304,331940
2305,332051
2306,332053
2307,332155
2308,332157
2309,332577
2310,332579
2311,333566
2312,333568
2313,333718
2314,333720
2315,333996
2316,333998
2317,334256
2318,334258
2319,334402
2320,334404
2321,335022
2322,335024
2323,335144
2324,335146
2325,335434
2326,335436
2327,335469
2328,335471
2329,336188
2330,336190
2331,336202
2332,336204
2333,337392
2334,337394
2335,337424
2336,337426
2337,338209
2338,338211
2339,338853
2340,338855
2341,339428
2342,339430
2343,340303
2344,340305
2345,341010
2346,341012
2347,341045
2348,341047
2349,341323
2350,341325
2351,341337
2352,341339
2353,341879
2354,341881
2355,341911
2356,341913
2357,342117
2358,342119
2359,342139
2360,342141
2361,342483
2362,342485
2363,342746
2364,342748
2365,343145
2366,343147
2367,343663
2368,343665
2369,344106
2370,344108
2371,344437
2372,344439
2373,345146
2374,345148
2375,345529
2376,345531
2377,345909
2378,345911
2379,346538
2380,346540
2381,346861
2382,346863
2383,346896
2384,346898
2385,347342
2386,347344
2387,347356
2388,347358
2389,348120
2390,348122
2391,348152
2392,348154
2393,348409
2394,348411
2395,349041
2396,349043
2397,349178
2398,349180
2399,349642
2400,349644
2401,349926
2402,349928
2403,350246
2404,350248
2405,350422
2406,350424
2407,350745
2408,350747
2409,350951
2410,350953
2411,351166
2412,351168
2413,351267
2414,351269
2415,351566
2416,351568
2417,351820
2418,351822
2419,352044
2420,352046
2421,352493
2422,352495
2423,352789
2424,352791
2425,353046
2426,353048
2427,353180
2428,353182
2429,353364
2430,353366
2431,353720
2432,353722
2433,353926
2434,353928
2435,354291
2436,354293
2437,354554
2438,354556
2439,354576
2440,354578
2441,355013
2442,355015
2443,355048
2444,355050
2445,355476
2446,355478
2447,355490
2448,355492
2449,355786
2450,355788
2451,355980
2452,355982
2453,356363
2454,356365
2455,356395
2456,356397
2457,356823
2458,356825
2459,356915
2460,356917
2461,357367
2462,357369
2463,357954
2464,357956
2465,358168
2466,358170
2467,358752
2468,358754
2469,359108
2470,359110
2471,359530
2472,359532
2473,359697
2474,359699
2475,359849
2476,359851
2477,359881
2478,359883
2479,360264
2480,360266
2481,360305
2482,360307
2483,360634
2484,360636
2485,360687
2486,360689
2487,361184
2488,361186
2489,361219
2490,361221
2491,361380
2492,361382
2493,361394
2494,361396
2495,361774
2496,361776
2497,361806
2498,361808
2499,362022
2500,362024
2501,362297
2502,362299
2503,362713
2504,362715
2505,362901
2506,362903
2507,363152
2508,363154
2509,363289
2510,363291
2511,363498
2512,363500
2513,363683
2514,363685
2515,363775
2516,363777
2517,363855
2518,363857
2519,363983
2520,363985
2521,364177
2522,364179
2523,364314
2524,364316
2525,364454
2526,364456
2527,364765
2528,364767
2529,364806
2530,364808
2531,364997
2532,364999
2533,365101
2534,365103
2535,365160
2536,365162
2537,365288
2538,365290
2539,365515
2540,365517
2541,365664
2542,365666
2543,365768
2544,365770
2545,365851
2546,365853
2547,365880
2548,365882
2549,365993
2550,365995
2551,366136
2552,366138
2553,366288
2554,366290
2555,366362
2556,366364
2557,366751
2558,366753
2559,367068
2560,367070
2561,367103
2562,367105
2563,367504
2564,367506
2565,367518
2566,367520
2567,367943
2568,367945
2569,368263
2570,368265
2571,368295
2572,368297
2573,368747
2574,368749
2575,368953
2576,368955
2577,369102
2578,369104
2579,369197
2580,369199
2581,369289
2582,369291
2583,369432
2584,369434
2585,369554
2586,369556
2587,369772
2588,369774
2589,369897
2590,369899
2591,369977
2592,369979
2593,370051
2594,370053
2595,370287
2596,370289
2597,370322
2598,370324
2599,370372
2600,370374
2601,370422
2602,370424
2603,370472
2604,370474
2605,370522
2606,370524
2607,370578
2608,370580
2609,370791
2610,370793
2611,371057
2612,371059
2613,371185
2614,371187
2615,371745
2616,371747
2617,372155
2618,372157
2619,372177
2620,372179
2621,372350
2622,372352
2623,372679
2624,372681
2625,372933
2626,372935
2627,373076
2628,373078
2629,373699
2630,373701
2631,374016
2632,374018
2633,374732
2634,374734
2635,374767
2636,374769
2637,375057
2638,375059
2639,375071
2640,375073
2641,375604
2642,375606
2643,375636
2644,375638
2645,376691
2646,376693
2647,377092
2648,377094
2649,377268
2650,377270
2651,377465
2652,377467
2653,377560
2654,377562
2655,377694
2656,377696
2657,377750
2658,377752
2659,377887
2660,377889
2661,378102
2662,378104
2663,378500
2664,378502
2665,378661
2666,378663
2667,378846
2668,378848
2669,379142
2670,379144
2671,379366
2672,379368
2673,379452
2674,379454
2675,379637
2676,379639
2677,379765
2678,379767
2679,379899
2680,379901
2681,380012
2682,380014
2683,380272
2684,380274
2685,380655
2686,380657
2687,380690
2688,380692
2689,380920
2690,380922
2691,380934
2692,380936
2693,381368
2694,381370
2695,381400
2696,381402
2697,381939
2698,381941
2699,382172
2700,382174
2701,382579
2702,382581
2703,383178
2704,383180
2705,383471
2706,383473
2707,383822
2708,383824
2709,384076
2710,384078
2711,384714
2712,384716
2713,384736
2714,384738
2715,385677
2716,385679
2717,386039
2718,386041
2719,386212
2720,386214
2721,386562
2722,386564
2723,386663
2724,386665
2725,386842
2726,386844
2727,386988
2728,386990
2729,387023
2730,387025
2731,387193
2732,387195
2733,387207
2734,387209
2735,387500
2736,387502
2737,387532
2738,387534
2739,387957
2740,387959
2741,388319
2742,388321
2743,389032
2744,389034
2745,389787
2746,389789
2747,390596
2748,390598
2749,391372
2750,391374
2751,392103
2752,392105
2753,392816
2754,392818
2755,392851
2756,392853
2757,393213
2758,393215
2759,393227
2760,393229
2761,393781
2762,393783
2763,393813
2764,393815
2765,394031
2766,394033
2767,394330
2768,394332
2769,395220
2770,395222
2771,395645
2772,395647
2773,396166
2774,396168
2775,396819
2776,396821
2777,397232
2778,397234
2779,397477
2780,397479
2781,397710
2782,397712
2783,398279
2784,398281
2785,398434
2786,398436
2787,398868
2788,398870
2789,399149
2790,399151
2791,399171
2792,399173
2793,399680
2794,399682
2795,399715
2796,399717
2797,400110
2798,400112
2799,400124
2800,400126
2801,400726
2802,400728
2803,400758
2804,400760
2805,401276
2806,401278
2807,401782
2808,401784
2809,402009
2810,402011
2811,402242
2812,402244
2813,403060
2814,403062
2815,403410
2816,403412
2817,403856
2818,403858
2819,404740
2820,404742
2821,405060
2822,405062
2823,405665
2824,405667
2825,405793
2826,405795
2827,405999
2828,406001
2829,406034
2830,406036
2831,406174
2832,406176
2833,406188
2834,406190
2835,406433
2836,406435
2837,406465
2838,406467
2839,406944
2840,406946
2841,407282
2842,407284
2843,407512
2844,407514
2845,408030
2846,408032
2847,408242
2848,408244
2849,408289
2850,408291
2851,408699
2852,408701
2853,408737
2854,408739
2855,409024
2856,409026
2857,409062
2858,409064
2859,409652
2860,409654
2861,409681
2862,409683
2863,410115
2864,410117
2865,410150
2866,410152
2867,410575
2868,410577
2869,411066
2870,411068
2871,411323
2872,411325
2873,411700
2874,411702
2875,411735
2876,411737
2877,411893
2878,411895
2879,411907
2880,411909
2881,412167
2882,412169
2883,412199
2884,412201
2885,412981
2886,412983
2887,413451
2888,413453
2889,413995
2890,413997
2891,414329
2892,414331
2893,415066
2894,415068
2895,415353
2896,415355
2897,415682
2898,415684
2899,416182
2900,416184
2901,416310
2902,416312
2903,416444
2904,416446
2905,416566
2906,416568
2907,416588
2908,416590
2909,416808
2910,416810
2911,416975
2912,416977
2913,417232
2914,417234
2915,417699
2916,417701
2917,417734
2918,417736
2919,417973
2920,417975
2921,417987
2922,417989
2923,418382
2924,418384
2925,418414
2926,418416
2927,418671
2928,418673
2929,419075
2930,419077
2931,419742
2932,419744
2933,420131
2934,420133
2935,420400
2936,420402
2937,420633
2938,420635
2939,420950
2940,420952
2941,421297
2942,421299
2943,421836
2944,421838
2945,421871
2946,421873
2947,422086
2948,422088
2949,422100
2950,422102
2951,422495
2952,422497
2953,422527
2954,422529
2955,423534
2956,423536
2957,424229
2958,424231
2959,424903
2960,424905
2961,425508
2962,425510
2963,425966
2964,425968
2965,426376
2966,426378
2967,426555
2968,426557
2969,427334
2970,427336
2971,427567
2972,427569
2973,427764
2974,427766
2975,427799
2976,427801
2977,428128
2978,428130
2979,428142
2980,428144
2981,428164
2982,428166
2983,428648
2984,428650
2985,428680
2986,428682
2987,429159
2988,429161
2989,429317
2990,429319
2991,429787
2992,429789
2993,429867
2994,429869
2995,430115
2996,430117
2997,430288
2998,430290
2999,430395
3000,430397
3001,430604
3002,430606
3003,430927
3004,430929
3005,431133
3006,431135
3007,431411
3008,431413
3009,431542
3010,431544
3011,432333
3012,432335
3013,433115
3014,433117
3015,433417
3016,433419
3017,433725
3018,433727
3019,433922
3020,433924
3021,433966
3022,433968
3023,434271
3024,434273
3025,434315
3026,434317
3027,434728
3028,434730
3029,434766
3030,434768
3031,435146
3032,435148
3033,435181
3034,435183
3035,435483
3036,435485
3037,435497
3038,435499
3039,435940
3040,435942
3041,435972
3042,435974
3043,436271
3044,436273
3045,436723
3046,436725
3047,436860
3048,436862
3049,437115
3050,437117
3051,437237
3052,437239
3053,437389
3054,437391
3055,437580
3056,437582
3057,437795
3058,437797
3059,438073
3060,438075
3061,438336
3062,438338
3063,438359
3064,438361
3065,439045
3066,439047
3067,439653
3068,439655
3069,439685
3070,439687
3071,440068
3072,440070
3073,440100
3074,440102
3075,440420
